1666172.399204
1629135.159199
1623208.000514
1620195.392760
1619740.486631
1617581.555731
1616841.371907
1615636.708388
1614397.782558
1613583.721338
1611146.911918
1611923.172479
1610768.639633
1609495.797621
1610013.495781
1609182.843312
1608240.924310
1607680.356478
1606995.972618
1606385.043940
1606924.068216
1605940.605159
1604824.853421
1605008.216441
1604697.003296
1604930.233782
1603225.367871
1602766.070610
1603253.181724
1603253.119625
1602870.169044
1602193.789714
1602222.874620
1601615.699608
1601562.041204
1601444.665416
1600852.696335
1601128.627151
1600250.675734
1599935.228141
1600372.778891
1599594.664127
1599850.684709
1599729.125547
1599717.519731
1599254.449580
1598577.670153
1598667.248550
1598816.258270
1598722.552085
1598235.675710
1598027.088469
1597962.627299
1598588.670914
1597759.614774
1597855.281372
1597973.047008
1597356.241575
1597639.837484
1597197.855662
1597429.182460
1596971.608637
1596989.530752
1597195.668379
1596707.211624
1596595.398307
1596728.628648
1596428.065540
1596550.305648
1596383.350894
1596200.462633
1596179.145576
1596177.748668
1596280.786534
1596032.708093
1595988.330785
1595821.353105
1595759.388857
1595854.506294
1595686.524250
1595627.851828
1595584.892853
1595527.057899
1595498.846620
1595542.683026
1595478.590928
1595389.076628
1595341.269887
1595603.015575
1595528.945008
1595248.806833
1595316.783257
1595244.607945
1595253.428538
1595206.571140
1595268.719454
1595377.379122
1595280.422283
1595079.806368
1595030.559051
