0	0.015832	0.999997	0.999997	0.000414	0.991281	0.985876	0.972096	0.999996	0.000013	0.999997	0.999997	0.000111	0.000000	0.000000	0.999997	0.999997	0.999997	0.999996	0.999997	0.999997	0.999997	0.911401	0.995440	0.999997	0.999997	0.916164	0.937284	0.000010	0.999997	0.000000	0.999997	0.999997	0.999997	0.999997	0.999997	0.989044	0.999997	0.295029	0.999997	0.999997	0.000000	0.999997	0.000129	0.999997	0.343292	0.999997	0.377732	0.999997	0.209741	0.907170
1	0.010738	0.999463	0.999463	0.000129	0.247209	0.001126	0.000591	0.999390	0.000000	0.999482	0.999474	0.000027	0.000000	0.000000	0.999470	0.999469	0.999480	0.999446	0.999467	0.999490	0.999463	0.052925	0.410531	0.999441	0.999508	0.000019	0.000034	0.000000	0.999503	0.000000	0.999454	0.999464	0.999457	0.999478	0.999415	0.998968	0.999471	0.966172	0.999436	0.999499	0.000000	0.999469	0.000023	0.999499	0.966427	0.999486	0.000666	0.999462	0.001591	0.005525
2	0.000001	0.999794	0.999787	0.000000	0.516443	0.999043	0.997914	0.999803	0.000000	0.999791	0.999796	0.000000	0.000000	0.000000	0.999795	0.999799	0.999791	0.999783	0.999796	0.999791	0.999783	0.238162	0.659762	0.999795	0.999794	0.999793	0.999854	0.000000	0.999794	0.000000	0.999799	0.999790	0.999789	0.999793	0.999818	0.003002	0.999796	0.000001	0.999791	0.999796	0.000000	0.999792	0.000000	0.999798	0.000001	0.999783	0.005227	0.999791	0.002881	0.340958
3	1.000000	1.000000	1.000000	0.999997	1.000000	0.999661	0.999504	1.000000	0.993559	1.000000	1.000000	0.999995	0.987219	0.986630	1.000000	1.000000	1.000000	1.000000	1.000000	1.000000	1.000000	1.000000	1.000000	1.000000	1.000000	0.945227	0.976946	0.993170	1.000000	0.989430	1.000000	1.000000	1.000000	1.000000	1.000000	1.000000	1.000000	1.000000	1.000000	1.000000	0.986911	1.000000	0.999995	1.000000	1.000000	1.000000	0.999976	1.000000	0.999999	0.999997
4	0.000000	0.997306	0.997145	0.000000	0.051189	0.994357	0.986354	0.997426	0.000000	0.997262	0.997295	0.000000	0.000000	0.000000	0.997330	0.997328	0.997275	0.997023	0.997260	0.997227	0.996999	0.001480	0.097571	0.997317	0.997279	0.999556	0.999558	0.000000	0.997270	0.000000	0.997413	0.997096	0.997168	0.997155	0.997491	0.000006	0.997279	0.000000	0.997302	0.997295	0.000000	0.997227	0.000000	0.997277	0.000000	0.996994	0.000262	0.997263	0.000020	0.010819
5	0.707916	0.999971	0.999973	0.010617	0.919858	0.060699	0.037858	0.999968	0.000005	0.999972	0.999973	0.002533	0.000000	0.000000	0.999972	0.999972	0.999973	0.999972	0.999973	0.999973	0.999973	0.976096	0.958606	0.999970	0.999974	0.002177	0.005439	0.000004	0.999974	0.000000	0.999971	0.999973	0.999972	0.999974	0.999970	0.999996	0.999973	0.999651	0.999970	0.999974	0.000000	0.999973	0.002204	0.999975	0.999563	0.999974	0.029387	0.999972	0.427076	0.314073
6	0.000002	0.998467	0.998401	0.000000	0.092138	0.699137	0.506359	0.998451	0.000000	0.998460	0.998469	0.000000	0.000000	0.000000	0.998466	0.998479	0.998453	0.998358	0.998448	0.998457	0.998365	0.008699	0.164304	0.998447	0.998486	0.701810	0.759494	0.000000	0.998471	0.000000	0.998484	0.998380	0.998409	0.998417	0.998512	0.011724	0.998453	0.000010	0.998415	0.998479	0.000000	0.998435	0.000000	0.998471	0.000015	0.998384	0.000332	0.998438	0.000157	0.009788
7	0.000192	0.999675	0.999667	0.000004	0.400058	0.324602	0.184103	0.999661	0.000000	0.999679	0.999681	0.000001	0.000000	0.000000	0.999679	0.999680	0.999678	0.999654	0.999676	0.999680	0.999659	0.053588	0.561676	0.999668	0.999690	0.072806	0.105451	0.000000	0.999687	0.000000	0.999677	0.999664	0.999667	0.999674	0.999676	0.692953	0.999678	0.006603	0.999663	0.999688	0.000000	0.999674	0.000001	0.999687	0.008702	0.999669	0.002138	0.999671	0.001388	0.033548
8	0.173672	0.999651	0.999660	0.000888	0.356330	0.001436	0.000836	0.999609	0.000000	0.999664	0.999661	0.000165	0.000000	0.000000	0.999653	0.999658	0.999664	0.999661	0.999661	0.999672	0.999673	0.653799	0.541169	0.999640	0.999682	0.000031	0.000079	0.000000	0.999680	0.000000	0.999642	0.999666	0.999653	0.999675	0.999635	0.999978	0.999661	0.998841	0.999635	0.999677	0.000000	0.999660	0.000133	0.999684	0.998483	0.999683	0.001304	0.999653	0.028697	0.015888
9	0.004558	0.999862	0.999861	0.000046	0.615851	0.142988	0.078675	0.999852	0.000000	0.999865	0.999865	0.000009	0.000000	0.000000	0.999863	0.999865	0.999864	0.999859	0.999864	0.999867	0.999862	0.380763	0.753090	0.999859	0.999871	0.011264	0.021472	0.000000	0.999870	0.000000	0.999861	0.999862	0.999861	0.999866	0.999861	0.995665	0.999865	0.570602	0.999856	0.999869	0.000000	0.999864	0.000009	0.999870	0.575325	0.999866	0.004040	0.999861	0.010853	0.075136
10	1.000000	1.000000	1.000000	0.999986	0.999998	0.846266	0.793041	1.000000	0.866626	1.000000	1.000000	0.999975	0.920154	0.930013	1.000000	1.000000	1.000000	1.000000	1.000000	1.000000	1.000000	0.999998	0.999999	1.000000	1.000000	0.004208	0.010558	0.859334	1.000000	0.897964	1.000000	1.000000	1.000000	1.000000	1.000000	1.000000	1.000000	1.000000	1.000000	1.000000	0.927268	1.000000	0.999974	1.000000	1.000000	1.000000	0.999237	1.000000	0.999954	0.999815
11	0.012038	0.999995	0.999995	0.000192	0.983355	0.975395	0.951524	0.999995	0.000003	0.999995	0.999995	0.000048	0.000000	0.000000	0.999995	0.999995	0.999995	0.999995	0.999995	0.999995	0.999995	0.891326	0.990956	0.999995	0.999996	0.860676	0.905367	0.000002	0.999995	0.000000	0.999995	0.999995	0.999995	0.999995	0.999995	0.992986	0.999995	0.244674	0.999995	0.999995	0.000000	0.999995	0.000054	0.999996	0.282680	0.999995	0.160975	0.999995	0.139783	0.834950
12	0.000001	0.982458	0.981271	0.000000	0.006468	0.010361	0.004845	0.981376	0.000000	0.982243	0.982630	0.000000	0.000000	0.000000	0.982369	0.982811	0.982739	0.980891	0.982248	0.982292	0.981213	0.000509	0.014111	0.982217	0.982935	0.003869	0.004693	0.000000	0.982891	0.000000	0.982631	0.981179	0.980987	0.982071	0.982143	0.009753	0.982449	0.000028	0.982481	0.982915	0.000000	0.981507	0.000000	0.982929	0.000037	0.981019	0.000018	0.981791	0.000009	0.000289
13	0.002839	0.999892	0.999891	0.000031	0.644935	0.135141	0.072774	0.999883	0.000000	0.999895	0.999896	0.000006	0.000000	0.000000	0.999894	0.999895	0.999895	0.999888	0.999895	0.999897	0.999890	0.227997	0.781170	0.999889	0.999900	0.009193	0.015675	0.000000	0.999900	0.000000	0.999892	0.999891	0.999891	0.999895	0.999890	0.990323	0.999895	0.394561	0.999889	0.999899	0.000000	0.999893	0.000006	0.999900	0.418336	0.999893	0.004021	0.999892	0.006106	0.065403
14	0.000000	0.999838	0.999827	0.000000	0.555451	0.998905	0.997207	0.999841	0.000000	0.999838	0.999842	0.000000	0.000000	0.000000	0.999843	0.999841	0.999839	0.999813	0.999838	0.999836	0.999812	0.003772	0.707175	0.999837	0.999841	0.999723	0.999663	0.000000	0.999841	0.000000	0.999846	0.999821	0.999830	0.999830	0.999846	0.000040	0.999840	0.000000	0.999838	0.999842	0.000000	0.999834	0.000000	0.999840	0.000000	0.999811	0.006252	0.999835	0.000105	0.148842
15	0.000158	0.999976	0.999975	0.000003	0.913525	0.983116	0.964718	0.999975	0.000000	0.999976	0.999977	0.000001	0.000000	0.000000	0.999977	0.999976	0.999976	0.999974	0.999976	0.999976	0.999974	0.352738	0.951823	0.999975	0.999977	0.957513	0.967836	0.000000	0.999977	0.000000	0.999976	0.999975	0.999975	0.999976	0.999977	0.462264	0.999977	0.000966	0.999975	0.999977	0.000000	0.999976	0.000001	0.999977	0.001320	0.999975	0.036550	0.999976	0.010283	0.576881
16	0.841571	0.999925	0.999928	0.018301	0.720008	0.000898	0.000543	0.999914	0.000001	0.999929	0.999928	0.003810	0.000000	0.000000	0.999926	0.999927	0.999929	0.999928	0.999928	0.999931	0.999931	0.912933	0.848827	0.999922	0.999933	0.000007	0.000020	0.000001	0.999933	0.000000	0.999923	0.999929	0.999927	0.999931	0.999920	0.999999	0.999928	0.999983	0.999921	0.999932	0.000000	0.999928	0.002977	0.999934	0.999976	0.999934	0.005162	0.999926	0.151505	0.054018
17	0.314061	0.999680	0.999683	0.003103	0.414421	0.000809	0.000457	0.999637	0.000000	0.999692	0.999689	0.000667	0.000000	0.000000	0.999683	0.999684	0.999691	0.999681	0.999685	0.999698	0.999692	0.409169	0.599696	0.999667	0.999709	0.000010	0.000023	0.000000	0.999706	0.000000	0.999672	0.999687	0.999679	0.999695	0.999656	0.999980	0.999687	0.999416	0.999662	0.999704	0.000000	0.999686	0.000537	0.999706	0.999330	0.999704	0.001901	0.999681	0.018329	0.014426
18	0.007960	0.999762	0.999762	0.000056	0.449087	0.030223	0.016324	0.999744	0.000000	0.999768	0.999768	0.000010	0.000000	0.000000	0.999763	0.999766	0.999767	0.999760	0.999766	0.999772	0.999767	0.401653	0.619650	0.999755	0.999779	0.001354	0.002891	0.000000	0.999777	0.000000	0.999758	0.999766	0.999760	0.999772	0.999761	0.998891	0.999767	0.889215	0.999751	0.999776	0.000000	0.999765	0.000009	0.999778	0.875912	0.999774	0.001991	0.999762	0.010258	0.042161
19	0.000097	0.999952	0.999951	0.000003	0.852300	0.971568	0.939207	0.999951	0.000000	0.999953	0.999954	0.000001	0.000000	0.000000	0.999954	0.999953	0.999953	0.999948	0.999953	0.999953	0.999948	0.099924	0.914761	0.999951	0.999955	0.924097	0.934471	0.000000	0.999955	0.000000	0.999954	0.999950	0.999951	0.999953	0.999953	0.205727	0.999954	0.000382	0.999951	0.999955	0.000000	0.999953	0.000001	0.999955	0.000604	0.999949	0.020179	0.999952	0.003311	0.364584
20	0.176152	0.999998	0.999998	0.002843	0.995586	0.988365	0.978350	0.999998	0.000037	0.999998	0.999998	0.000715	0.000000	0.000000	0.999998	0.999998	0.999998	0.999998	0.999998	0.999998	0.999998	0.991142	0.997664	0.999998	0.999998	0.910687	0.944642	0.000027	0.999998	0.000001	0.999998	0.999998	0.999998	0.999998	0.999998	0.999684	0.999998	0.900008	0.999998	0.999998	0.000000	0.999998	0.000779	0.999998	0.907681	0.999998	0.482222	0.999998	0.715459	0.959294
21	0.000000	0.999156	0.999098	0.000000	0.152585	0.985058	0.961536	0.999164	0.000000	0.999154	0.999164	0.000000	0.000000	0.000000	0.999180	0.999166	0.999152	0.999037	0.999142	0.999139	0.999034	0.000592	0.276946	0.999151	0.999167	0.994982	0.993892	0.000000	0.999162	0.000000	0.999199	0.999068	0.999114	0.999101	0.999183	0.000027	0.999155	0.000000	0.999149	0.999167	0.000000	0.999134	0.000000	0.999153	0.000000	0.999031	0.000724	0.999147	0.000015	0.013394
22	0.000085	0.999846	0.999842	0.000001	0.580882	0.829067	0.693664	0.999841	0.000000	0.999847	0.999850	0.000000	0.000000	0.000000	0.999849	0.999849	0.999848	0.999836	0.999848	0.999848	0.999839	0.117759	0.734978	0.999843	0.999853	0.609614	0.682374	0.000000	0.999853	0.000000	0.999848	0.999842	0.999842	0.999847	0.999850	0.419569	0.999849	0.001137	0.999843	0.999853	0.000000	0.999846	0.000000	0.999853	0.001490	0.999841	0.004971	0.999844	0.002605	0.103983
23	0.000054	0.999594	0.999583	0.000001	0.267859	0.148565	0.074726	0.999565	0.000000	0.999603	0.999602	0.000000	0.000000	0.000000	0.999600	0.999601	0.999604	0.999567	0.999595	0.999607	0.999576	0.019981	0.439170	0.999585	0.999619	0.020873	0.030448	0.000000	0.999616	0.000000	0.999597	0.999582	0.999582	0.999596	0.999584	0.549616	0.999601	0.003872	0.999583	0.999615	0.000000	0.999592	0.000000	0.999616	0.004601	0.999584	0.000796	0.999592	0.000384	0.015157
24	0.388639	0.999997	0.999997	0.005580	0.989797	0.835548	0.734117	0.999997	0.000013	0.999997	0.999997	0.001368	0.000000	0.000000	0.999997	0.999997	0.999997	0.999997	0.999997	0.999997	0.999997	0.985021	0.994744	0.999997	0.999997	0.183848	0.307055	0.000010	0.999997	0.000001	0.999997	0.999997	0.999997	0.999997	0.999997	0.999957	0.999997	0.991426	0.999997	0.999997	0.000000	0.999997	0.001340	0.999997	0.991218	0.999997	0.200453	0.999997	0.563440	0.862030
25	0.346583	0.999999	0.999999	0.010332	0.998179	0.988054	0.977728	0.999999	0.000116	0.999999	0.999999	0.002930	0.000000	0.000000	0.999999	0.999999	0.999999	0.999999	0.999999	0.999999	0.999999	0.992131	0.999072	0.999999	0.999999	0.877678	0.917465	0.000085	0.999999	0.000004	0.999999	0.999999	0.999999	0.999999	0.999999	0.999790	0.999999	0.943544	0.999999	0.999999	0.000000	0.999999	0.003182	0.999999	0.949574	0.999999	0.719222	0.999999	0.776287	0.974077
26	0.003935	0.999959	0.999959	0.000065	0.859614	0.459100	0.293662	0.999956	0.000000	0.999961	0.999961	0.000015	0.000000	0.000000	0.999960	0.999960	0.999961	0.999957	0.999960	0.999961	0.999958	0.304920	0.921072	0.999958	0.999962	0.045843	0.070130	0.000000	0.999962	0.000000	0.999960	0.999959	0.999959	0.999960	0.999958	0.988875	0.999961	0.319291	0.999958	0.999962	0.000000	0.999960	0.000015	0.999962	0.359941	0.999959	0.015132	0.999959	0.010691	0.207200
27	0.006850	0.999928	0.999930	0.000049	0.790630	0.689929	0.550128	0.999925	0.000000	0.999930	0.999931	0.000009	0.000000	0.000000	0.999930	0.999931	0.999930	0.999929	0.999931	0.999931	0.999930	0.869756	0.883643	0.999927	0.999933	0.333788	0.515019	0.000000	0.999933	0.000000	0.999929	0.999931	0.999929	0.999932	0.999930	0.995955	0.999931	0.392766	0.999927	0.999933	0.000000	0.999930	0.000009	0.999934	0.365690	0.999931	0.012423	0.999929	0.075021	0.259488
28	0.019623	0.999978	0.999978	0.000292	0.924209	0.661098	0.502404	0.999977	0.000001	0.999979	0.999979	0.000068	0.000000	0.000000	0.999979	0.999979	0.999979	0.999978	0.999979	0.999979	0.999978	0.800586	0.958951	0.999978	0.999980	0.086961	0.161797	0.000001	0.999980	0.000000	0.999978	0.999978	0.999978	0.999979	0.999978	0.998904	0.999979	0.825752	0.999977	0.999980	0.000000	0.999979	0.000069	0.999980	0.822614	0.999979	0.029179	0.999978	0.059743	0.437738
29	0.025551	0.999998	0.999998	0.000700	0.991895	0.961120	0.925770	0.999997	0.000011	0.999998	0.999998	0.000205	0.000000	0.000000	0.999998	0.999998	0.999998	0.999997	0.999998	0.999998	0.999997	0.906337	0.995893	0.999998	0.999998	0.680704	0.755423	0.000009	0.999998	0.000000	0.999998	0.999998	0.999998	0.999998	0.999998	0.997822	0.999998	0.665812	0.999998	0.999998	0.000000	0.999998	0.000234	0.999998	0.693753	0.999998	0.275490	0.999998	0.174246	0.874196
30	0.001713	0.999168	0.999162	0.000018	0.150133	0.001780	0.000899	0.999070	0.000000	0.999199	0.999187	0.000004	0.000000	0.000000	0.999191	0.999177	0.999184	0.999159	0.999162	0.999197	0.999182	0.021419	0.270015	0.999141	0.999229	0.000054	0.000095	0.000000	0.999218	0.000000	0.999169	0.999172	0.999169	0.999174	0.999092	0.992568	0.999172	0.666737	0.999126	0.999213	0.000000	0.999186	0.000003	0.999208	0.679575	0.999203	0.000320	0.999175	0.000567	0.003392
31	0.000061	0.999813	0.999807	0.000001	0.553636	0.789364	0.627150	0.999807	0.000000	0.999816	0.999817	0.000000	0.000000	0.000000	0.999815	0.999817	0.999815	0.999801	0.999814	0.999817	0.999804	0.066010	0.698062	0.999810	0.999822	0.388598	0.493754	0.000000	0.999820	0.000000	0.999814	0.999807	0.999809	0.999813	0.999818	0.401459	0.999816	0.001470	0.999806	0.999820	0.000000	0.999813	0.000000	0.999821	0.001799	0.999808	0.003073	0.999812	0.001262	0.097385
32	0.661511	1.000000	1.000000	0.028701	0.998769	0.967792	0.940643	0.999999	0.000207	1.000000	1.000000	0.008970	0.000001	0.000000	1.000000	1.000000	1.000000	1.000000	1.000000	1.000000	1.000000	0.992838	0.999372	1.000000	1.000000	0.550543	0.660874	0.000156	1.000000	0.000011	1.000000	1.000000	1.000000	1.000000	1.000000	0.999972	1.000000	0.995232	1.000000	1.000000	0.000001	1.000000	0.009894	1.000000	0.995829	1.000000	0.763471	1.000000	0.812893	0.973715
33	0.999550	1.000000	1.000000	0.974174	0.999462	0.445236	0.331836	1.000000	0.004385	1.000000	1.000000	0.911048	0.000337	0.000188	1.000000	1.000000	1.000000	1.000000	1.000000	1.000000	1.000000	0.999643	0.999747	1.000000	1.000000	0.004155	0.009705	0.003434	1.000000	0.000856	1.000000	1.000000	1.000000	1.000000	1.000000	1.000000	1.000000	1.000000	1.000000	1.000000	0.000279	1.000000	0.892020	1.000000	0.999999	1.000000	0.869230	1.000000	0.989573	0.979481
34	0.739730	0.999972	0.999973	0.009165	0.885896	0.007421	0.004417	0.999968	0.000002	0.999973	0.999973	0.002120	0.000000	0.000000	0.999972	0.999973	0.999973	0.999972	0.999973	0.999974	0.999973	0.940180	0.942596	0.999971	0.999975	0.000113	0.000277	0.000002	0.999975	0.000000	0.999971	0.999973	0.999972	0.999974	0.999970	0.999998	0.999973	0.999905	0.999971	0.999975	0.000000	0.999973	0.001859	0.999975	0.999875	0.999974	0.015373	0.999972	0.211920	0.159275
35	0.013011	0.999990	0.999990	0.000284	0.958710	0.599223	0.421333	0.999989	0.000002	0.999991	0.999991	0.000081	0.000000	0.000000	0.999991	0.999991	0.999991	0.999990	0.999991	0.999991	0.999990	0.386211	0.979547	0.999990	0.999991	0.056007	0.079052	0.000001	0.999991	0.000000	0.999991	0.999990	0.999990	0.999991	0.999990	0.995482	0.999991	0.547775	0.999990	0.999991	0.000000	0.999991	0.000089	0.999991	0.610329	0.999990	0.047027	0.999991	0.020230	0.401569
36	0.999779	0.999999	0.999999	0.979338	0.998371	0.090900	0.061671	0.999999	0.002050	0.999999	0.999999	0.932736	0.000310	0.000172	0.999999	0.999999	0.999999	0.999999	0.999999	0.999999	0.999999	0.999696	0.999235	0.999999	0.999999	0.000470	0.001286	0.001656	0.999999	0.000589	0.999999	0.999999	0.999999	0.999999	0.999999	1.000000	0.999999	1.000000	0.999999	0.999999	0.000252	0.999999	0.913648	0.999999	1.000000	0.999999	0.646706	0.999999	0.988971	0.938328
37	0.000462	0.988141	0.987385	0.000003	0.009742	0.000097	0.000053	0.986275	0.000000	0.988169	0.987526	0.000000	0.000000	0.000000	0.987261	0.987813	0.988136	0.987647	0.987297	0.988269	0.987950	0.005722	0.018978	0.987446	0.988262	0.000003	0.000005	0.000000	0.988049	0.000000	0.987051	0.987786	0.987307	0.987546	0.986816	0.989459	0.987258	0.655223	0.986770	0.987935	0.000000	0.987408	0.000000	0.987997	0.631636	0.988089	0.000016	0.987703	0.000102	0.000237
38	0.000000	0.999284	0.999242	0.000000	0.168809	0.997370	0.993676	0.999291	0.000000	0.999270	0.999288	0.000000	0.000000	0.000000	0.999290	0.999300	0.999273	0.999222	0.999279	0.999268	0.999220	0.013091	0.296232	0.999290	0.999282	0.999681	0.999706	0.000000	0.999282	0.000000	0.999305	0.999242	0.999252	0.999261	0.999329	0.000077	0.999290	0.000000	0.999279	0.999289	0.000000	0.999264	0.000000	0.999291	0.000000	0.999203	0.000925	0.999271	0.000153	0.046366
39	0.000509	0.999777	0.999773	0.000006	0.535442	0.594675	0.419945	0.999769	0.000000	0.999780	0.999782	0.000001	0.000000	0.000000	0.999778	0.999781	0.999780	0.999769	0.999780	0.999783	0.999773	0.327779	0.678104	0.999773	0.999788	0.179129	0.283354	0.000000	0.999787	0.000000	0.999776	0.999775	0.999773	0.999782	0.999785	0.913252	0.999782	0.027516	0.999768	0.999787	0.000000	0.999777	0.000001	0.999788	0.028204	0.999777	0.003810	0.999775	0.007373	0.106432
40	0.486937	0.999978	0.999978	0.007780	0.917518	0.029275	0.016528	0.999975	0.000003	0.999979	0.999979	0.001926	0.000000	0.000000	0.999978	0.999979	0.999979	0.999978	0.999979	0.999979	0.999978	0.848625	0.957787	0.999977	0.999980	0.000491	0.001023	0.000003	0.999980	0.000000	0.999978	0.999978	0.999978	0.999979	0.999977	0.999987	0.999979	0.999236	0.999977	0.999980	0.000000	0.999979	0.001748	0.999980	0.999150	0.999979	0.025395	0.999978	0.111629	0.221770
41	0.911953	0.998664	0.998695	0.042541	0.127602	0.000004	0.000002	0.998380	0.000000	0.998731	0.998695	0.008725	0.000000	0.000000	0.998660	0.998674	0.998722	0.998703	0.998682	0.998768	0.998762	0.319049	0.249404	0.998594	0.998811	0.000000	0.000000	0.000000	0.998796	0.000000	0.998588	0.998714	0.998663	0.998751	0.998467	1.000000	0.998686	0.999999	0.998566	0.998776	0.000000	0.998690	0.005884	0.998789	0.999998	0.998820	0.000316	0.998675	0.013660	0.001429
42	0.263076	0.999995	0.999995	0.004037	0.984949	0.749584	0.615518	0.999995	0.000012	0.999995	0.999995	0.001000	0.000000	0.000000	0.999995	0.999995	0.999995	0.999995	0.999995	0.999995	0.999995	0.946949	0.992237	0.999995	0.999996	0.108472	0.173548	0.000009	0.999996	0.000001	0.999995	0.999995	0.999995	0.999995	0.999995	0.999900	0.999995	0.984330	0.999995	0.999996	0.000000	0.999995	0.001013	0.999996	0.985298	0.999995	0.159664	0.999995	0.286537	0.765939
43	0.018952	0.999030	0.999020	0.000139	0.118140	0.000195	0.000104	0.998879	0.000000	0.999059	0.999038	0.000027	0.000000	0.000000	0.999025	0.999038	0.999054	0.999014	0.999023	0.999075	0.999045	0.053635	0.230344	0.998989	0.999103	0.000003	0.000006	0.000000	0.999091	0.000000	0.998997	0.999029	0.999008	0.999049	0.998926	0.999803	0.999030	0.992837	0.998968	0.999083	0.000000	0.999027	0.000022	0.999088	0.992221	0.999075	0.000233	0.999027	0.001316	0.001994
44	0.850155	0.999999	0.999999	0.056886	0.996437	0.903226	0.840214	0.999998	0.000104	0.999999	0.999999	0.013829	0.000001	0.000000	0.999999	0.999999	0.999999	0.999999	0.999999	0.999999	0.999999	0.996250	0.998108	0.999998	0.999999	0.203306	0.351695	0.000080	0.999999	0.000006	0.999999	0.999999	0.999999	0.999999	0.999999	0.999993	0.999999	0.998927	0.999998	0.999999	0.000001	0.999999	0.013432	0.999999	0.998809	0.999999	0.459700	0.999999	0.848641	0.953932
45	0.067698	0.999878	0.999878	0.000465	0.605530	0.006465	0.003490	0.999862	0.000000	0.999882	0.999881	0.000091	0.000000	0.000000	0.999879	0.999880	0.999882	0.999876	0.999880	0.999885	0.999880	0.408374	0.760053	0.999873	0.999889	0.000109	0.000236	0.000000	0.999888	0.000000	0.999875	0.999879	0.999877	0.999884	0.999871	0.999901	0.999881	0.994007	0.999872	0.999887	0.000000	0.999879	0.000080	0.999888	0.993084	0.999884	0.002655	0.999878	0.012806	0.037051
46	0.000000	0.999387	0.999341	0.000000	0.298339	0.991358	0.978460	0.999389	0.000000	0.999383	0.999393	0.000000	0.000000	0.000000	0.999400	0.999396	0.999381	0.999295	0.999377	0.999374	0.999293	0.002037	0.455922	0.999383	0.999392	0.996807	0.996038	0.000000	0.999389	0.000000	0.999412	0.999319	0.999353	0.999351	0.999400	0.000118	0.999383	0.000000	0.999380	0.999392	0.000000	0.999367	0.000000	0.999383	0.000000	0.999293	0.002923	0.999375	0.000075	0.044925
47	1.000000	1.000000	1.000000	1.000000	1.000000	0.994145	0.992247	1.000000	0.999882	1.000000	1.000000	1.000000	0.999980	0.999985	1.000000	1.000000	1.000000	1.000000	1.000000	1.000000	1.000000	1.000000	1.000000	1.000000	1.000000	0.079808	0.198310	0.999888	1.000000	0.999953	1.000000	1.000000	1.000000	1.000000	1.000000	1.000000	1.000000	1.000000	1.000000	1.000000	0.999981	1.000000	1.000000	1.000000	1.000000	1.000000	0.999997	1.000000	1.000000	0.999999
48	0.000009	0.999899	0.999895	0.000000	0.691386	0.982479	0.960373	0.999897	0.000000	0.999900	0.999902	0.000000	0.000000	0.000000	0.999902	0.999902	0.999900	0.999889	0.999901	0.999900	0.999890	0.047958	0.812295	0.999898	0.999903	0.980175	0.982653	0.000000	0.999903	0.000000	0.999902	0.999894	0.999896	0.999899	0.999903	0.023075	0.999901	0.000023	0.999898	0.999903	0.000000	0.999898	0.000000	0.999903	0.000035	0.999891	0.009019	0.999898	0.001117	0.184197
49	0.000016	0.999397	0.999374	0.000000	0.194305	0.264080	0.139445	0.999363	0.000000	0.999397	0.999395	0.000000	0.000000	0.000000	0.999401	0.999401	0.999397	0.999354	0.999386	0.999398	0.999361	0.015105	0.336319	0.999383	0.999419	0.083151	0.110881	0.000000	0.999414	0.000000	0.999397	0.999371	0.999373	0.999384	0.999388	0.204924	0.999395	0.000530	0.999373	0.999416	0.000000	0.999386	0.000000	0.999411	0.000706	0.999373	0.000635	0.999386	0.000291	0.010873
50	0.999681	1.000000	1.000000	0.979693	0.999935	0.988947	0.982513	1.000000	0.024788	1.000000	1.000000	0.945273	0.000827	0.000446	1.000000	1.000000	1.000000	1.000000	1.000000	1.000000	1.000000	0.999983	0.999968	1.000000	1.000000	0.654713	0.817818	0.018996	1.000000	0.002939	1.000000	1.000000	1.000000	1.000000	1.000000	1.000000	1.000000	0.999997	1.000000	1.000000	0.000650	1.000000	0.939254	1.000000	0.999997	1.000000	0.987234	1.000000	0.999292	0.999040
51	0.007895	0.999883	0.999883	0.000075	0.645738	0.032884	0.017102	0.999871	0.000000	0.999888	0.999887	0.000014	0.000000	0.000000	0.999886	0.999886	0.999888	0.999879	0.999886	0.999889	0.999883	0.208252	0.784799	0.999880	0.999893	0.001052	0.001853	0.000000	0.999893	0.000000	0.999883	0.999884	0.999883	0.999888	0.999878	0.998179	0.999887	0.866387	0.999880	0.999892	0.000000	0.999885	0.000014	0.999893	0.867726	0.999886	0.003556	0.999883	0.006105	0.044477
52	0.091517	0.999905	0.999905	0.000961	0.700036	0.010438	0.005585	0.999893	0.000000	0.999909	0.999908	0.000217	0.000000	0.000000	0.999907	0.999907	0.999908	0.999903	0.999907	0.999910	0.999906	0.396202	0.824595	0.999902	0.999914	0.000215	0.000416	0.000000	0.999913	0.000000	0.999904	0.999906	0.999905	0.999909	0.999900	0.999878	0.999908	0.992806	0.999901	0.999912	0.000000	0.999907	0.000196	0.999913	0.992533	0.999909	0.005421	0.999905	0.017206	0.047642
53	0.002054	0.999906	0.999905	0.000020	0.696681	0.301499	0.176194	0.999898	0.000000	0.999908	0.999908	0.000004	0.000000	0.000000	0.999907	0.999908	0.999908	0.999902	0.999908	0.999909	0.999904	0.321994	0.814874	0.999903	0.999912	0.032839	0.055050	0.000000	0.999912	0.000000	0.999906	0.999905	0.999905	0.999909	0.999905	0.985430	0.999908	0.230985	0.999903	0.999911	0.000000	0.999907	0.000004	0.999912	0.237199	0.999906	0.005910	0.999905	0.009142	0.101452
54	0.999333	0.999999	0.999999	0.959931	0.997761	0.293293	0.208795	0.999999	0.001080	0.999999	0.999999	0.869092	0.000098	0.000048	0.999999	0.999999	0.999999	0.999999	0.999999	0.999999	0.999999	0.999630	0.998861	0.999999	0.999999	0.002836	0.007574	0.000870	0.999999	0.000222	0.999999	0.999999	0.999999	0.999999	0.999999	1.000000	0.999999	0.999999	0.999999	0.999999	0.000074	0.999999	0.818156	0.999999	0.999999	0.999999	0.571703	0.999999	0.987403	0.945176
55	0.169432	0.999757	0.999766	0.000811	0.455674	0.001256	0.000725	0.999723	0.000000	0.999768	0.999767	0.000158	0.000000	0.000000	0.999763	0.999763	0.999768	0.999763	0.999766	0.999773	0.999771	0.518730	0.643062	0.999750	0.999781	0.000027	0.000062	0.000000	0.999780	0.000000	0.999755	0.999770	0.999763	0.999775	0.999737	0.999976	0.999767	0.998901	0.999750	0.999779	0.000000	0.999768	0.000131	0.999782	0.998635	0.999781	0.001572	0.999760	0.021454	0.014842
56	0.005276	0.999943	0.999942	0.000065	0.847057	0.815300	0.688976	0.999941	0.000000	0.999944	0.999945	0.000013	0.000000	0.000000	0.999943	0.999945	0.999944	0.999942	0.999944	0.999945	0.999943	0.724391	0.905075	0.999942	0.999946	0.319508	0.497372	0.000000	0.999946	0.000000	0.999943	0.999943	0.999943	0.999945	0.999945	0.993269	0.999944	0.319527	0.999941	0.999946	0.000000	0.999944	0.000013	0.999947	0.309175	0.999944	0.014867	0.999943	0.038940	0.357113
57	0.000015	0.999621	0.999613	0.000000	0.342647	0.586367	0.373216	0.999598	0.000000	0.999623	0.999625	0.000000	0.000000	0.000000	0.999627	0.999626	0.999623	0.999596	0.999620	0.999625	0.999602	0.011027	0.499678	0.999614	0.999638	0.282208	0.313745	0.000000	0.999637	0.000000	0.999625	0.999608	0.999611	0.999615	0.999611	0.073035	0.999625	0.000170	0.999608	0.999637	0.000000	0.999619	0.000000	0.999632	0.000253	0.999606	0.001500	0.999616	0.000293	0.019565
58	0.000000	0.999949	0.999945	0.000000	0.874669	0.999983	0.999958	0.999951	0.000000	0.999948	0.999949	0.000000	0.000000	0.000000	0.999950	0.999950	0.999948	0.999942	0.999949	0.999947	0.999942	0.065298	0.918451	0.999949	0.999948	0.999998	0.999998	0.000000	0.999948	0.000000	0.999951	0.999944	0.999947	0.999947	0.999954	0.000040	0.999949	0.000000	0.999948	0.999949	0.000000	0.999948	0.000000	0.999949	0.000000	0.999941	0.044405	0.999948	0.001611	0.821724
59	0.726208	0.999999	0.999999	0.025455	0.995577	0.763004	0.635416	0.999998	0.000049	0.999999	0.999999	0.006363	0.000000	0.000000	0.999999	0.999999	0.999999	0.999999	0.999999	0.999999	0.999999	0.979518	0.997840	0.999999	0.999999	0.057148	0.100142	0.000037	0.999999	0.000003	0.999999	0.999999	0.999999	0.999999	0.999999	0.999985	0.999999	0.998235	0.999999	0.999999	0.000000	0.999999	0.006304	0.999999	0.998241	0.999999	0.343838	0.999999	0.534443	0.900101
60	0.936235	0.999999	0.999999	0.125306	0.995961	0.403454	0.277785	0.999998	0.000092	0.999999	0.999999	0.032281	0.000001	0.000001	0.999999	0.999999	0.999999	0.999999	0.999999	0.999999	0.999999	0.991998	0.997996	0.999999	0.999999	0.005821	0.012503	0.000073	0.999999	0.000008	0.999999	0.999999	0.999999	0.999999	0.999999	0.999999	0.999999	0.999927	0.999999	0.999999	0.000001	0.999999	0.029251	0.999999	0.999914	0.999999	0.338810	0.999999	0.735264	0.890176
61	0.999999	1.000000	1.000000	0.999997	1.000000	0.999999	0.999999	1.000000	0.999832	1.000000	1.000000	0.999996	0.998760	0.998880	1.000000	1.000000	1.000000	1.000000	1.000000	1.000000	1.000000	1.000000	1.000000	1.000000	1.000000	0.999974	0.999980	0.999839	1.000000	0.999613	1.000000	1.000000	1.000000	1.000000	1.000000	1.000000	1.000000	1.000000	1.000000	1.000000	0.998872	1.000000	0.999997	1.000000	1.000000	1.000000	1.000000	1.000000	0.999999	1.000000
62	0.999717	1.000000	1.000000	0.987124	0.999735	0.668360	0.553720	1.000000	0.014256	1.000000	1.000000	0.968707	0.001589	0.000954	1.000000	1.000000	1.000000	1.000000	1.000000	1.000000	1.000000	0.999743	0.999872	1.000000	1.000000	0.011949	0.026137	0.011982	1.000000	0.003820	1.000000	1.000000	1.000000	1.000000	1.000000	1.000000	1.000000	1.000000	1.000000	1.000000	0.001346	1.000000	0.965065	1.000000	1.000000	1.000000	0.932516	1.000000	0.993223	0.990065
63	0.000223	0.999984	0.999984	0.000006	0.946756	0.979252	0.955524	0.999983	0.000000	0.999984	0.999985	0.000001	0.000000	0.000000	0.999985	0.999985	0.999985	0.999982	0.999985	0.999985	0.999983	0.186815	0.971174	0.999984	0.999985	0.928360	0.935573	0.000000	0.999985	0.000000	0.999985	0.999983	0.999984	0.999984	0.999984	0.443158	0.999985	0.001455	0.999984	0.999985	0.000000	0.999984	0.000002	0.999985	0.002187	0.999983	0.054169	0.999984	0.006974	0.565297
64	0.000011	0.999621	0.999613	0.000000	0.353697	0.933758	0.865246	0.999622	0.000000	0.999621	0.999627	0.000000	0.000000	0.000000	0.999625	0.999630	0.999617	0.999606	0.999630	0.999623	0.999607	0.091262	0.507861	0.999619	0.999628	0.924730	0.949833	0.000000	0.999626	0.000000	0.999630	0.999616	0.999618	0.999625	0.999648	0.078082	0.999627	0.000067	0.999609	0.999629	0.000000	0.999621	0.000000	0.999632	0.000089	0.999610	0.002012	0.999619	0.001518	0.067099
65	0.000004	0.999991	0.999990	0.000000	0.978874	0.999986	0.999967	0.999991	0.000000	0.999991	0.999991	0.000000	0.000000	0.000000	0.999991	0.999991	0.999991	0.999990	0.999991	0.999991	0.999990	0.345540	0.987095	0.999991	0.999991	0.999997	0.999997	0.000000	0.999991	0.000000	0.999991	0.999990	0.999991	0.999991	0.999992	0.000963	0.999991	0.000000	0.999991	0.999991	0.000000	0.999991	0.000000	0.999991	0.000000	0.999990	0.264661	0.999991	0.013298	0.957073
66	0.999321	1.000000	1.000000	0.956879	0.999755	0.885357	0.826559	1.000000	0.007998	1.000000	1.000000	0.884336	0.000453	0.000258	1.000000	1.000000	1.000000	1.000000	1.000000	1.000000	1.000000	0.999888	0.999877	1.000000	1.000000	0.074786	0.159791	0.006511	1.000000	0.001412	1.000000	1.000000	1.000000	1.000000	1.000000	1.000000	1.000000	0.999998	1.000000	1.000000	0.000374	1.000000	0.873997	1.000000	0.999998	1.000000	0.938706	1.000000	0.995875	0.994459
67	0.189962	1.000000	1.000000	0.004488	0.999343	0.999538	0.999108	1.000000	0.000162	1.000000	1.000000	0.001187	0.000000	0.000000	1.000000	1.000000	1.000000	1.000000	1.000000	1.000000	1.000000	0.997712	0.999646	1.000000	1.000000	0.997925	0.998587	0.000118	1.000000	0.000004	1.000000	1.000000	1.000000	1.000000	1.000000	0.999013	1.000000	0.534588	1.000000	1.000000	0.000000	1.000000	0.001366	1.000000	0.586413	1.000000	0.893422	1.000000	0.916164	0.994586
68	0.834427	1.000000	1.000000	0.098265	0.999919	0.999760	0.999550	1.000000	0.002547	1.000000	1.000000	0.030583	0.000005	0.000002	1.000000	1.000000	1.000000	1.000000	1.000000	1.000000	1.000000	0.999494	0.999961	1.000000	1.000000	0.998380	0.998897	0.001803	1.000000	0.000073	1.000000	1.000000	1.000000	1.000000	1.000000	0.999933	1.000000	0.962219	1.000000	1.000000	0.000004	1.000000	0.034641	1.000000	0.967200	1.000000	0.988155	1.000000	0.982961	0.998921
69	0.004341	0.997175	0.997161	0.000024	0.041857	0.000064	0.000034	0.996708	0.000000	0.997266	0.997249	0.000004	0.000000	0.000000	0.997218	0.997201	0.997208	0.997159	0.997223	0.997291	0.997250	0.018515	0.087401	0.997061	0.997394	0.000001	0.000002	0.000000	0.997375	0.000000	0.997069	0.997168	0.997136	0.997250	0.996918	0.998978	0.997206	0.968773	0.996985	0.997367	0.000000	0.997181	0.000003	0.997343	0.961070	0.997318	0.000067	0.997204	0.000394	0.000616
70	0.931077	0.999999	0.999999	0.092591	0.997281	0.855009	0.773371	0.999999	0.000108	0.999999	0.999999	0.022183	0.000001	0.000000	0.999999	0.999999	0.999999	0.999999	0.999999	0.999999	0.999999	0.998390	0.998628	0.999999	0.999999	0.129465	0.252423	0.000082	0.999999	0.000007	0.999999	0.999999	0.999999	0.999999	0.999999	0.999998	0.999999	0.999696	0.999999	0.999999	0.000001	0.999999	0.020676	0.999999	0.999633	0.999999	0.496403	0.999999	0.920429	0.955629
71	1.000000	1.000000	1.000000	0.999988	1.000000	0.998794	0.998188	1.000000	0.973690	1.000000	1.000000	0.999977	0.933256	0.929759	1.000000	1.000000	1.000000	1.000000	1.000000	1.000000	1.000000	1.000000	1.000000	1.000000	1.000000	0.761539	0.885427	0.972710	1.000000	0.953991	1.000000	1.000000	1.000000	1.000000	1.000000	1.000000	1.000000	1.000000	1.000000	1.000000	0.932598	1.000000	0.999977	1.000000	1.000000	1.000000	0.999918	1.000000	0.999994	0.999991
72	0.000982	0.984581	0.984694	0.000004	0.008527	0.000056	0.000029	0.983084	0.000000	0.985026	0.984760	0.000001	0.000000	0.000000	0.984388	0.984679	0.984789	0.984908	0.984579	0.985287	0.985440	0.010039	0.017363	0.984146	0.985489	0.000001	0.000003	0.000000	0.985315	0.000000	0.984034	0.985067	0.984549	0.985142	0.983752	0.996565	0.984679	0.876130	0.983652	0.985171	0.000000	0.984745	0.000001	0.985235	0.854030	0.986025	0.000016	0.984586	0.000164	0.000235
73	0.799707	1.000000	1.000000	0.023864	0.999060	0.994846	0.991031	1.000000	0.000135	1.000000	1.000000	0.005165	0.000000	0.000000	1.000000	1.000000	1.000000	1.000000	1.000000	1.000000	1.000000	0.999672	0.999513	1.000000	1.000000	0.943905	0.973726	0.000097	1.000000	0.000004	1.000000	1.000000	1.000000	1.000000	1.000000	0.999990	1.000000	0.995702	1.000000	1.000000	0.000000	1.000000	0.005269	1.000000	0.994780	1.000000	0.791080	1.000000	0.975772	0.992820
74	0.982268	1.000000	1.000000	0.427963	0.999301	0.943837	0.906421	1.000000	0.000776	1.000000	1.000000	0.151036	0.000011	0.000006	1.000000	1.000000	1.000000	1.000000	1.000000	1.000000	1.000000	0.999277	0.999645	1.000000	1.000000	0.268237	0.433364	0.000601	1.000000	0.000065	1.000000	1.000000	1.000000	1.000000	1.000000	0.999999	1.000000	0.999880	1.000000	1.000000	0.000009	1.000000	0.141665	1.000000	0.999869	1.000000	0.842654	1.000000	0.972362	0.987056
75	0.501061	0.999983	0.999983	0.008195	0.931684	0.042868	0.023922	0.999981	0.000003	0.999984	0.999984	0.002009	0.000000	0.000000	0.999983	0.999983	0.999984	0.999983	0.999984	0.999984	0.999983	0.863145	0.965342	0.999982	0.999985	0.000679	0.001446	0.000002	0.999985	0.000000	0.999983	0.999983	0.999983	0.999984	0.999982	0.999987	0.999984	0.999201	0.999982	0.999985	0.000000	0.999984	0.001799	0.999985	0.999113	0.999984	0.027519	0.999983	0.126670	0.260948
76	0.000623	0.947109	0.946844	0.000003	0.002235	0.000009	0.000005	0.942590	0.000000	0.948224	0.946452	0.000000	0.000000	0.000000	0.945525	0.946317	0.947548	0.948224	0.945960	0.948809	0.950037	0.003555	0.004454	0.945480	0.949808	0.000000	0.000000	0.000000	0.948822	0.000000	0.944378	0.947824	0.946210	0.948178	0.944678	0.996421	0.946106	0.901690	0.942611	0.948185	0.000000	0.946768	0.000000	0.948352	0.881461	0.952088	0.000004	0.946524	0.000057	0.000056
77	0.998789	1.000000	1.000000	0.950539	0.999936	0.986108	0.976535	1.000000	0.021194	1.000000	1.000000	0.880966	0.000663	0.000389	1.000000	1.000000	1.000000	1.000000	1.000000	1.000000	1.000000	0.999891	0.999969	1.000000	1.000000	0.543779	0.701403	0.017149	1.000000	0.002876	1.000000	1.000000	1.000000	1.000000	1.000000	1.000000	1.000000	0.999991	1.000000	1.000000	0.000562	1.000000	0.880435	1.000000	0.999990	1.000000	0.985590	1.000000	0.996603	0.998456
78	0.035974	0.999923	0.999923	0.000428	0.786747	0.114091	0.063466	0.999918	0.000001	0.999925	0.999925	0.000103	0.000000	0.000000	0.999924	0.999925	0.999925	0.999922	0.999925	0.999926	0.999924	0.588336	0.870346	0.999921	0.999929	0.005104	0.010160	0.000000	0.999928	0.000000	0.999923	0.999924	0.999923	0.999926	0.999923	0.999562	0.999925	0.953409	0.999919	0.999928	0.000000	0.999924	0.000094	0.999928	0.953284	0.999926	0.008945	0.999923	0.031378	0.146143
79	0.998881	1.000000	1.000000	0.957528	0.999585	0.764010	0.656669	1.000000	0.003787	1.000000	1.000000	0.891459	0.000248	0.000134	1.000000	1.000000	1.000000	1.000000	1.000000	1.000000	1.000000	0.999380	0.999791	1.000000	1.000000	0.016459	0.035324	0.003202	1.000000	0.000757	1.000000	1.000000	1.000000	1.000000	1.000000	1.000000	1.000000	0.999997	1.000000	1.000000	0.000200	1.000000	0.877948	1.000000	0.999997	1.000000	0.871177	1.000000	0.983034	0.986791
80	0.999971	1.000000	1.000000	0.999202	0.999992	0.996504	0.994442	1.000000	0.577930	1.000000	1.000000	0.998420	0.140242	0.107140	1.000000	1.000000	1.000000	1.000000	1.000000	1.000000	1.000000	0.999991	0.999996	1.000000	1.000000	0.778754	0.874962	0.539786	1.000000	0.293006	1.000000	1.000000	1.000000	1.000000	1.000000	1.000000	1.000000	1.000000	1.000000	1.000000	0.133178	1.000000	0.998485	1.000000	1.000000	1.000000	0.998744	1.000000	0.999788	0.999828
81	0.997886	1.000000	1.000000	0.914887	0.999946	0.993751	0.989093	1.000000	0.016712	1.000000	1.000000	0.788072	0.000290	0.000162	1.000000	1.000000	1.000000	1.000000	1.000000	1.000000	1.000000	0.999881	0.999973	1.000000	1.000000	0.730298	0.839121	0.013228	1.000000	0.001584	1.000000	1.000000	1.000000	1.000000	1.000000	1.000000	1.000000	0.999977	1.000000	1.000000	0.000240	1.000000	0.794229	1.000000	0.999975	1.000000	0.987085	1.000000	0.995818	0.998908
82	0.000000	0.994519	0.994215	0.000000	0.027895	0.857916	0.703848	0.994586	0.000000	0.994442	0.994568	0.000000	0.000000	0.000000	0.994603	0.994554	0.994366	0.993759	0.994497	0.994355	0.993714	0.000634	0.049498	0.994509	0.994491	0.938405	0.939113	0.000000	0.994415	0.000000	0.994744	0.993924	0.994322	0.994250	0.994778	0.000070	0.994466	0.000000	0.994364	0.994455	0.000000	0.994423	0.000000	0.994321	0.000000	0.993826	0.000104	0.994221	0.000013	0.003353
83	0.002001	0.999809	0.999807	0.000018	0.408900	0.006575	0.003161	0.999786	0.000000	0.999815	0.999814	0.000004	0.000000	0.000000	0.999812	0.999812	0.999815	0.999799	0.999810	0.999818	0.999805	0.043525	0.593177	0.999802	0.999825	0.000210	0.000357	0.000000	0.999823	0.000000	0.999808	0.999807	0.999805	0.999813	0.999796	0.994596	0.999812	0.694341	0.999801	0.999822	0.000000	0.999810	0.000004	0.999823	0.704474	0.999813	0.001021	0.999809	0.001054	0.011414
84	0.081777	0.999993	0.999993	0.000984	0.984611	0.973506	0.952615	0.999993	0.000011	0.999993	0.999994	0.000229	0.000000	0.000000	0.999993	0.999994	0.999993	0.999993	0.999994	0.999994	0.999993	0.976893	0.991580	0.999993	0.999994	0.869466	0.923871	0.000008	0.999994	0.000000	0.999993	0.999993	0.999993	0.999994	0.999994	0.999309	0.999994	0.815643	0.999993	0.999994	0.000000	0.999993	0.000239	0.999994	0.819124	0.999993	0.210789	0.999993	0.449896	0.889489
85	0.001800	0.992915	0.992919	0.000006	0.018343	0.000243	0.000131	0.992156	0.000000	0.993027	0.992981	0.000001	0.000000	0.000000	0.992822	0.992935	0.993006	0.993008	0.992918	0.993146	0.993200	0.032972	0.038275	0.992709	0.993312	0.000011	0.000024	0.000000	0.993246	0.000000	0.992645	0.993031	0.992819	0.993133	0.992558	0.996699	0.992924	0.818610	0.992524	0.993198	0.000000	0.992923	0.000001	0.993231	0.794074	0.993406	0.000041	0.992863	0.000565	0.000551
86	0.000760	0.995589	0.995556	0.000005	0.029377	0.000436	0.000226	0.995173	0.000000	0.995669	0.995614	0.000001	0.000000	0.000000	0.995554	0.995591	0.995635	0.995543	0.995558	0.995721	0.995657	0.014117	0.060700	0.995447	0.995843	0.000019	0.000038	0.000000	0.995784	0.000000	0.995466	0.995585	0.995512	0.995663	0.995379	0.990155	0.995578	0.600639	0.995317	0.995758	0.000000	0.995585	0.000001	0.995761	0.583178	0.995825	0.000063	0.995563	0.000274	0.000740
87	0.972833	1.000000	1.000000	0.346044	0.999908	0.999564	0.999229	1.000000	0.005688	1.000000	1.000000	0.115031	0.000022	0.000010	1.000000	1.000000	1.000000	1.000000	1.000000	1.000000	1.000000	0.999898	0.999954	1.000000	1.000000	0.996017	0.997666	0.004014	1.000000	0.000216	1.000000	1.000000	1.000000	1.000000	1.000000	0.999994	1.000000	0.997176	1.000000	1.000000	0.000017	1.000000	0.123308	1.000000	0.997322	1.000000	0.988264	1.000000	0.995973	0.999133
88	0.000001	0.922424	0.924336	0.000000	0.001028	0.000268	0.000128	0.917541	0.000000	0.924420	0.923790	0.000000	0.000000	0.000000	0.923088	0.923075	0.924634	0.924310	0.923864	0.925424	0.925594	0.000412	0.002326	0.921241	0.926182	0.000049	0.000086	0.000000	0.926067	0.000000	0.921651	0.924739	0.923586	0.925585	0.918902	0.099693	0.924006	0.000600	0.921800	0.925608	0.000000	0.924100	0.000000	0.926390	0.000644	0.926531	0.000002	0.923329	0.000006	0.000039
89	0.000590	0.999990	0.999990	0.000009	0.986249	0.999845	0.999696	0.999991	0.000003	0.999990	0.999991	0.000002	0.000000	0.000000	0.999990	0.999991	0.999990	0.999990	0.999991	0.999991	0.999990	0.973717	0.991021	0.999990	0.999991	0.999815	0.999888	0.000002	0.999991	0.000000	0.999991	0.999990	0.999990	0.999991	0.999991	0.646468	0.999991	0.001415	0.999990	0.999991	0.000000	0.999990	0.000002	0.999991	0.001383	0.999990	0.302298	0.999990	0.286204	0.978901
90	0.001227	0.978448	0.978279	0.000008	0.004926	0.000005	0.000003	0.975241	0.000000	0.979128	0.978453	0.000001	0.000000	0.000000	0.978218	0.978359	0.978896	0.978197	0.978001	0.979337	0.978988	0.001524	0.010942	0.977500	0.979943	0.000000	0.000000	0.000000	0.979653	0.000000	0.977526	0.978276	0.977886	0.978618	0.975838	0.996748	0.978133	0.944529	0.976923	0.979337	0.000000	0.978267	0.000001	0.979264	0.938941	0.979796	0.000008	0.978367	0.000039	0.000058
91	0.001010	0.999977	0.999977	0.000008	0.931700	0.994667	0.989819	0.999977	0.000000	0.999978	0.999978	0.000001	0.000000	0.000000	0.999978	0.999978	0.999978	0.999977	0.999978	0.999978	0.999977	0.954458	0.960662	0.999977	0.999979	0.991648	0.995571	0.000000	0.999978	0.000000	0.999978	0.999978	0.999977	0.999978	0.999979	0.932018	0.999978	0.012790	0.999977	0.999979	0.000000	0.999978	0.000001	0.999979	0.011071	0.999978	0.053365	0.999977	0.156572	0.809307
92	0.000027	0.999761	0.999753	0.000001	0.470925	0.784309	0.609074	0.999751	0.000000	0.999764	0.999766	0.000000	0.000000	0.000000	0.999765	0.999765	0.999763	0.999741	0.999762	0.999764	0.999744	0.020685	0.627125	0.999756	0.999771	0.554430	0.595458	0.000000	0.999769	0.000000	0.999765	0.999749	0.999755	0.999759	0.999760	0.116687	0.999763	0.000229	0.999754	0.999770	0.000000	0.999760	0.000000	0.999769	0.000364	0.999749	0.002399	0.999758	0.000556	0.047255
93	0.018333	1.000000	1.000000	0.000399	0.999614	0.999984	0.999968	1.000000	0.000161	1.000000	1.000000	0.000101	0.000000	0.000000	1.000000	1.000000	1.000000	1.000000	1.000000	1.000000	1.000000	0.998500	0.999790	1.000000	1.000000	0.999980	0.999985	0.000107	1.000000	0.000001	1.000000	1.000000	1.000000	1.000000	1.000000	0.972775	1.000000	0.017826	1.000000	1.000000	0.000000	1.000000	0.000133	1.000000	0.020705	1.000000	0.964615	1.000000	0.931930	0.998658
94	1.000000	1.000000	1.000000	0.999999	1.000000	0.983715	0.976603	1.000000	0.993685	1.000000	1.000000	0.999999	0.995709	0.995955	1.000000	1.000000	1.000000	1.000000	1.000000	1.000000	1.000000	1.000000	1.000000	1.000000	1.000000	0.061779	0.136925	0.993833	1.000000	0.995084	1.000000	1.000000	1.000000	1.000000	1.000000	1.000000	1.000000	1.000000	1.000000	1.000000	0.995822	1.000000	0.999998	1.000000	1.000000	1.000000	0.999920	1.000000	0.999994	0.999981
95	0.146831	0.999847	0.999849	0.001411	0.619874	0.003799	0.002066	0.999826	0.000000	0.999854	0.999853	0.000272	0.000000	0.000000	0.999850	0.999851	0.999854	0.999845	0.999852	0.999857	0.999851	0.435082	0.765799	0.999842	0.999863	0.000048	0.000099	0.000000	0.999862	0.000000	0.999844	0.999850	0.999847	0.999857	0.999836	0.999929	0.999853	0.997992	0.999841	0.999861	0.000000	0.999851	0.000227	0.999863	0.997696	0.999856	0.003752	0.999848	0.018586	0.036640
96	0.047859	0.999414	0.999418	0.000430	0.236490	0.000427	0.000232	0.999331	0.000000	0.999436	0.999430	0.000087	0.000000	0.000000	0.999420	0.999422	0.999435	0.999407	0.999423	0.999446	0.999428	0.103102	0.395809	0.999391	0.999467	0.000006	0.000011	0.000000	0.999462	0.000000	0.999402	0.999420	0.999410	0.999440	0.999363	0.999852	0.999426	0.995756	0.999385	0.999456	0.000000	0.999423	0.000072	0.999460	0.995469	0.999451	0.000622	0.999414	0.003075	0.004939
97	0.999999	1.000000	1.000000	0.999980	1.000000	0.999741	0.999598	1.000000	0.975907	1.000000	1.000000	0.999965	0.919253	0.914374	1.000000	1.000000	1.000000	1.000000	1.000000	1.000000	1.000000	1.000000	1.000000	1.000000	1.000000	0.969458	0.985979	0.974957	1.000000	0.950974	1.000000	1.000000	1.000000	1.000000	1.000000	1.000000	1.000000	1.000000	1.000000	1.000000	0.918891	1.000000	0.999966	1.000000	1.000000	1.000000	0.999944	1.000000	0.999995	0.999994
98	1.000000	1.000000	1.000000	1.000000	1.000000	0.995824	0.994356	1.000000	0.997812	1.000000	1.000000	1.000000	0.998879	0.998958	1.000000	1.000000	1.000000	1.000000	1.000000	1.000000	1.000000	1.000000	1.000000	1.000000	1.000000	0.208558	0.464647	0.997787	1.000000	0.998199	1.000000	1.000000	1.000000	1.000000	1.000000	1.000000	1.000000	1.000000	1.000000	1.000000	0.998873	1.000000	1.000000	1.000000	1.000000	1.000000	0.999981	1.000000	1.000000	0.999997
99	0.001802	0.993604	0.993605	0.000011	0.017182	0.000059	0.000032	0.992640	0.000000	0.993794	0.993579	0.000002	0.000000	0.000000	0.993540	0.993515	0.993821	0.993523	0.993509	0.993945	0.993699	0.009820	0.038002	0.993334	0.994181	0.000001	0.000003	0.000000	0.994085	0.000000	0.993367	0.993604	0.993419	0.993742	0.992942	0.997029	0.993574	0.909250	0.993184	0.994004	0.000000	0.993560	0.000001	0.993958	0.893861	0.994019	0.000033	0.993468	0.000209	0.000289
100	0.938122	0.999998	0.999998	0.156682	0.992378	0.106299	0.061566	0.999997	0.000081	0.999998	0.999998	0.055437	0.000002	0.000001	0.999998	0.999998	0.999998	0.999998	0.999998	0.999998	0.999998	0.956370	0.996319	0.999998	0.999998	0.000838	0.001580	0.000065	0.999998	0.000011	0.999998	0.999998	0.999998	0.999998	0.999997	0.999999	0.999998	0.999938	0.999998	0.999998	0.000002	0.999998	0.051691	0.999998	0.999937	0.999998	0.227952	0.999998	0.437013	0.723848
101	0.000002	0.996683	0.996590	0.000000	0.038673	0.114471	0.055129	0.996566	0.000000	0.996707	0.996727	0.000000	0.000000	0.000000	0.996717	0.996706	0.996681	0.996485	0.996678	0.996693	0.996524	0.002267	0.076215	0.996629	0.996765	0.049436	0.065740	0.000000	0.996736	0.000000	0.996729	0.996545	0.996609	0.996630	0.996678	0.020803	0.996689	0.000034	0.996590	0.996744	0.000000	0.996659	0.000000	0.996718	0.000049	0.996578	0.000105	0.996655	0.000044	0.002236
102	0.168189	0.999999	0.999999	0.002634	0.998205	0.999026	0.998176	0.999999	0.000054	0.999999	0.999999	0.000640	0.000000	0.000000	0.999999	0.999999	0.999999	0.999999	0.999999	0.999999	0.999999	0.998875	0.999010	0.999999	0.999999	0.996314	0.997999	0.000037	0.999999	0.000001	0.999999	0.999999	0.999999	0.999999	0.999999	0.999676	0.999999	0.763241	0.999999	0.999999	0.000000	0.999999	0.000696	0.999999	0.765977	0.999999	0.751426	0.999999	0.936897	0.990107
103	0.000343	0.999985	0.999985	0.000005	0.958732	0.998013	0.995926	0.999985	0.000000	0.999985	0.999985	0.000001	0.000000	0.000000	0.999985	0.999986	0.999985	0.999984	0.999985	0.999985	0.999984	0.845414	0.975625	0.999985	0.999986	0.996877	0.998024	0.000000	0.999986	0.000000	0.999985	0.999985	0.999985	0.999985	0.999986	0.647365	0.999986	0.001416	0.999985	0.999986	0.000000	0.999985	0.000001	0.999986	0.001644	0.999985	0.080194	0.999985	0.061833	0.849063
104	0.001044	0.999987	0.999987	0.000017	0.952714	0.970154	0.939929	0.999986	0.000001	0.999987	0.999987	0.000004	0.000000	0.000000	0.999987	0.999987	0.999987	0.999986	0.999987	0.999987	0.999986	0.593404	0.973857	0.999987	0.999988	0.861993	0.901074	0.000000	0.999988	0.000000	0.999987	0.999987	0.999987	0.999987	0.999987	0.917440	0.999987	0.019997	0.999987	0.999988	0.000000	0.999987	0.000005	0.999988	0.022993	0.999986	0.053484	0.999987	0.024352	0.660892
105	0.000000	0.999584	0.999563	0.000000	0.307444	0.957644	0.895294	0.999573	0.000000	0.999589	0.999596	0.000000	0.000000	0.000000	0.999600	0.999591	0.999590	0.999523	0.999585	0.999585	0.999525	0.000875	0.484002	0.999578	0.999602	0.967986	0.958503	0.000000	0.999600	0.000000	0.999604	0.999543	0.999567	0.999570	0.999578	0.000290	0.999591	0.000000	0.999584	0.999601	0.000000	0.999578	0.000000	0.999594	0.000001	0.999531	0.001663	0.999581	0.000033	0.020692
106	0.977189	1.000000	1.000000	0.316904	0.999496	0.963119	0.936955	1.000000	0.000904	1.000000	1.000000	0.108070	0.000009	0.000004	1.000000	1.000000	1.000000	1.000000	1.000000	1.000000	1.000000	0.999337	0.999749	1.000000	1.000000	0.383144	0.555562	0.000671	1.000000	0.000060	1.000000	1.000000	1.000000	1.000000	1.000000	0.999999	1.000000	0.999828	1.000000	1.000000	0.000007	1.000000	0.107144	1.000000	0.999816	1.000000	0.886233	1.000000	0.974367	0.989919
107	0.995873	1.000000	1.000000	0.749275	0.999227	0.819846	0.729836	1.000000	0.001253	1.000000	1.000000	0.404340	0.000033	0.000017	1.000000	1.000000	1.000000	1.000000	1.000000	1.000000	1.000000	0.999546	0.999620	1.000000	1.000000	0.058833	0.123985	0.000966	1.000000	0.000141	1.000000	1.000000	1.000000	1.000000	1.000000	1.000000	1.000000	0.999988	1.000000	1.000000	0.000027	1.000000	0.378317	1.000000	0.999985	1.000000	0.829320	1.000000	0.982535	0.981246
108	0.076647	0.999360	0.999367	0.000561	0.216073	0.000351	0.000195	0.999275	0.000000	0.999384	0.999376	0.000114	0.000000	0.000000	0.999362	0.999368	0.999380	0.999362	0.999369	0.999396	0.999384	0.171634	0.370110	0.999337	0.999415	0.000004	0.000010	0.000000	0.999408	0.000000	0.999342	0.999375	0.999359	0.999389	0.999312	0.999943	0.999371	0.998405	0.999324	0.999402	0.000000	0.999372	0.000092	0.999408	0.998156	0.999412	0.000552	0.999363	0.004709	0.004875
109	0.000007	0.999910	0.999906	0.000000	0.794913	0.998734	0.997196	0.999911	0.000000	0.999910	0.999912	0.000000	0.000000	0.000000	0.999912	0.999912	0.999910	0.999902	0.999911	0.999910	0.999902	0.155242	0.874234	0.999910	0.999912	0.999325	0.999432	0.000000	0.999912	0.000000	0.999913	0.999906	0.999908	0.999910	0.999916	0.008393	0.999912	0.000005	0.999909	0.999913	0.000000	0.999909	0.000000	0.999913	0.000008	0.999903	0.023243	0.999909	0.003763	0.538377
110	1.000000	1.000000	1.000000	1.000000	0.999997	0.037180	0.029668	1.000000	0.967912	1.000000	1.000000	1.000000	0.997178	0.997449	1.000000	1.000000	1.000000	1.000000	1.000000	1.000000	1.000000	1.000000	0.999999	1.000000	1.000000	0.000007	0.000026	0.968442	1.000000	0.990408	1.000000	1.000000	1.000000	1.000000	1.000000	1.000000	1.000000	1.000000	1.000000	1.000000	0.997222	1.000000	1.000000	1.000000	1.000000	1.000000	0.998652	1.000000	0.999993	0.999579
111	0.006908	0.976939	0.977352	0.000032	0.005321	0.000004	0.000002	0.973638	0.000000	0.977865	0.977326	0.000005	0.000000	0.000000	0.976619	0.976915	0.977706	0.977485	0.977067	0.978443	0.978338	0.007607	0.011557	0.975915	0.979020	0.000000	0.000000	0.000000	0.978712	0.000000	0.975699	0.977530	0.976905	0.978221	0.974592	0.999692	0.977195	0.995272	0.975391	0.978348	0.000000	0.977302	0.000004	0.978540	0.993938	0.979439	0.000009	0.977087	0.000150	0.000085
