7898549
7898582
7898875
7899192
7899604
7900157
7900228
7900540
7901038
7901219
7901601
7902448
7903010
7903582
7905163
7905691
7906041
7906223
7908407
7908692
7909661
7909782
7911307
7911333
7911559
7911566
7911989
7914940
7916225
7917645
7917906
7918050
7920047
7921121
7922462
7923438
7924144
7924853
7928551
7929593
7934326
7935425
7935819
7936320
7936727
7937476
7937763
7938286
7938295
7939068
7941039
7941164
7941900
7942465
7942586
7942791
7942824
7942875
7945740
7946211
7946267
7946807
7946812
7947152
7947674
7948424
7949377
7949637
7949995
7950626
7952126
7952129
7953516
7953594
7953765
7954063
7954310
7954591
7956114
7956159
7956743
7957530
7957540
7958197
7960131
7960553
7964733
7965467
7966534
7966996
7967620
7967987
7968226
7969703
7970513
7970704
7971184
7971800
7972577
7973327
7974531
7978795
7978824
7978833
7980219
7980744
7982129
7984562
7985757
7986765
7987526
7988031
7989013
7989493
7989932
7990898
7990916
7990949
7990965
7991209
7991762
7991766
7991835
7997933
7997940
7998222
7998585
7998643
7998655
7998666
7999360
7999520
7999827
8001111
8001782
8005471
8005877
8005943
8005994
8006762
8006845
8007441
8007797
8007992
8008887
8009561
8009727
8009784
8010664
8012226
8012469
8013348
8014749
8016366
8016699
8016870
8018343
8018511
8022170
8022972
8023252
8024299
8024304
8024708
8024966
8025395
8025498
8025586
8026440
8026724
8026868
8027024
8027258
8027354
8028563
8029129
8030351
8030360
8030362
8030364
8030366
8030368
8031152
8031483
8031933
8031973
8034416
8035829
8036656
8036737
8038086
8039805
8039939
8039945
8040036
8041027
8042038
8042052
8042962
8043251
8043278
8043835
8043848
8043932
8044111
8044351
8047635
8048195
8048752
8052250
8053165
8053763
8054477
8054762
8056763
8056966
8058373
8059576
8060196
8060599
8061364
8063473
8063903
8068353
8068902
8068938
8069470
8069620
8071206
8074157
8075406
8075691
8076209
8076225
8076449
8076455
8076463
8076511
8078270
8078905
8078918
8078984
8079019
8081241
8083011
8085026
8085407
8085531
8087790
8087830
8088478
8089249
8090559
8090678
8091037
8091806
8092067
8092265
8092532
8092654
8095894
8096109
8096765
8097782
8099051
8099887
8100378
8101099
8101357
8102410
8105181
8105432
8105545
8105852
8109222
8109475
8109750
8109821
8109975
8110018
8110861
8111814
8112570
8112961
8113660
8115158
8116520
8116929
8117955
8118644
8118974
8119595
8119661
8119882
8122136
8122699
8123148
8125750
8125835
8126394
8126450
8126512
8126646
8126653
8127526
8130739
8131661
8131705
8131860
8131869
8132458
8132922
8133847
8138361
8139250
8139891
8141050
8141222
8143433
8146448
8148966
8150872
8151234
8151376
8151471
8151935
8152597
8153903
8154359
8154363
8154388
8158998
8159004
8159249
8159687
8160308
8162880
8164100
8164210
8166876
8167234
8168357
8168843
8169350
8170859
8170863
8171762
8171834
8172154
8173513
8173825
8173912
8174710
8176076
8176375
8176730
8177824
8178253
8179139
8179544
8180192
8180193
8180283
8180284
8180287
8180297
8180305
8180355
8180356
8180398
8180404
8180407
8180408
8180409
