8124911
8178498
7971563
8081348
8125556
8178891
8180100
7958130
7960865
7967563
8058927
7949410
8042337
8117777
8124901
8124911
8178498
8117777
8124901
8124911
8178498
8091432
8139706
7929816
7935776
8124911
8178498
8055465
8117777
8124901
8124911
8178498
8124911
8178498
8058927
7922889
8096538
8096538
8107470
7952325
7904562
7904574
7904874
7904999
7919271
7919351
7919412
7919438
7904486
7904506
7904574
7919412
7919438
8124911
8178498
8124901
8124911
8178498
7904486
7904574
7919271
7919351
7919438
7922889
8124901
8124911
8178498
7911343
8072946
8165703
7904574
7904874
7904976
7904999
7919271
7919351
7919412
7919438
8156228
7917645
7911444
8009561
8058927
7922889
7971461
8058927
7904486
7904506
7904574
7904976
7904999
7919271
7919351
7919412
7919438
7904486
7904574
7904874
7919271
7919351
7919412
7919438
7913380
8122136
8122142
8122144
7971461
7971461
8124901
8124911
8178498
7951034
7951036
7951038
8045423
7957023
8124911
8178498
8179731
8124911
8178498
7977270
7942791
8151234
8178811
8137008
8139203
8165648
7904574
7904874
7904976
7904999
7919271
7919351
7919412
7919438
7904574
7904874
7904976
7904999
7919271
7919351
7919412
7919438
7932964
7934729
7934731
8124911
8178498
7920244
8124911
8178498
8103535
8174103
7922889
7913380
7904574
7904874
7919271
7919351
7919412
7919438
8125556
8178891
8180100
8115734
8178811
7904486
7904562
7904574
7904874
7919271
7919412
7919438
7904486
7904562
7904574
7919412
7919438
8096538
8096301
7904486
7904574
7919438
8118548
8178193
8179481
8096538
8058927
7924549
8049961
8049963
7994565
8058927
7904574
7904874
7904976
7904999
7919271
7919351
7919412
7919438
7904506
7904562
7904569
7904574
7904874
7904976
7904999
7919271
7919351
7919412
7919438
7913380
7971461
8058927
8124911
8178498
8124911
8178498
8117800
8118548
8178193
8179481
8030351
8118548
8178193
8179481
7994565
8000192
8000200
8118548
8178193
8179481
8137979
7904574
7904874
7919271
7919351
7919412
7919438
8124911
8178498
8118548
8178193
8179481
8137979
7994565
8000200
8137979
7904486
7919351
7919412
8014233
7904874
7919271
7919351
7925531
8124901
8124911
8178498
7948656
7988838
7971920
8080991
8096538
8165674
8171684
8046604
7913380
8008870
8008885
8113591
8011011
7904574
7904874
7919271
7919351
7919412
7919438
7904574
7904874
7919271
7919351
7919412
7919438
7904486
7904574
7904874
7919271
7919351
7919412
7919438
7913380
7904574
7904874
7912808
7919438
7904574
7904874
7904976
7904999
7919271
7919351
7919412
7919438
7904574
7904874
7919271
7919351
7919412
7919438
7904574
7904874
7919271
7919351
7919438
7904574
7904874
7919271
7919351
7919412
7919438
7904574
7904874
7919271
7919351
7919412
7919438
7904574
7904874
7919271
7919351
7919438
7904574
7904874
7919271
7919351
7919412
7919438
7904574
7904874
7919271
7919351
7919412
7919438
7904574
7904874
7919271
7919351
7919438
8151993
8005166
8137979
8102619
8043197
8096538
8096538
8137979
8124901
8124911
8178498
7980146
8177732
8030171
8137979
8007141
8109368
8124911
8178498
7971461
8178811
8058927
8178811
8166469
8179041
8178802
8180003
7931216
8006433
8030007
8125556
8178891
8180100
7971461
8062927
8154951
8130556
8124901
8124911
8178498
8179731
8137979
8058927
8137979
8030991
8142468
7927964
8004510
8137979
8170360
7956211
8115147
8049961
8081128
8117813
8179049
8026971
7971563
7904574
7904874
7904976
7904999
7919271
7919351
7919412
7919438
7898679
7913380
8044745
8112033
8058927
7905099
8105353
8138531
8158952
8113120
8165707
8118548
8178193
8179481
7983360
8131844
8098204
7904574
7904874
7919412
7919438
8155849
8174103
8102860
8043981
8014574
8166632
7908409
8004237
8004241
8014233
8067007
7985662
8017843
8056201
7960730
8163481
7922889
7994565
8000200
8149126
8149137
8043363
8054611
7948420
8147049
8118548
8178193
8179481
7910124
8046515
7910124
8046515
7904574
7904874
7919271
7919351
7919412
7919438
7916590
8124911
8178498
8179731
8036710
8096538
8096538
8041015
8042503
7954997
7900585
8096538
8096538
8050089
8101774
7994565
8000192
8000200
7999752
7920123
7968199
8158240
8043100
8067007
8101774
8158240
7985166
8149116
8149126
8149137
7981335
8178199
8179489
8067007
8117368
7904874
7919271
7919351
8138466
7904974
8166072
8101774
8096538
7926896
8112327
7941272
8089249
8126450
8054611
7922889
7904874
7919271
7919351
7919412
7919438
7922889
8118548
8178193
8179481
7904574
7904874
7904976
7904999
7919271
7919351
7919412
7919438
8124901
8124911
8178498
8124901
8124911
8178498
8124911
8178498
8179041
8179041
7920128
7997230
8124911
8178498
8124911
8178498
8124901
8124911
8178498
8124901
8124911
8178498
8124901
8124911
8178498
8124911
8178498
8117777
8124901
8124911
8178498
8124901
8124911
8178498
8117777
8124911
8178498
8101780
8117777
8124901
8124911
8178498
8117777
8124901
8124911
8178498
8117777
8124901
8124911
8178498
8124911
8178498
8117777
8179041
7922889
8137979
7971461
8070701
8124901
8124911
8178498
8124901
8124911
8178498
8117777
8124911
8178498
8124901
8124911
8178498
8117777
8124911
8178498
8117777
8124901
8124911
8178498
8124901
8124911
8178498
8124901
8124911
8178498
8124901
8124911
8178498
8011011
8124911
8178498
8117777
8124901
8124911
8178498
8117777
8117890
8124901
8124911
8177788
8178498
8179103
8124901
8124911
8178498
8124901
8124911
8178498
8124901
8124911
8178498
8117777
8124911
8178498
8117777
8124901
8124911
8178498
8124901
8124911
8178498
8124911
8178498
8124901
8124911
8178498
8117777
8124911
8178498
8124911
8178498
8117777
8124911
8178498
8117777
8124901
8124911
8178498
8124901
8124911
8178498
8124911
8178498
8124911
8178498
8124911
8178498
8178811
8124901
8124911
8178498
8124911
8178498
8095680
7971461
8124901
8124911
8178498
8124901
8124911
8178498
8178802
8178811
8124901
8124911
8178498
8124901
8124911
8178498
8149116
8125556
8178891
8180100
8124901
8124911
8178498
8124911
8178498
8124911
8178498
8124911
8178498
8124911
8178498
8124911
8178498
7906720
7963911
7934196
8118548
8178193
8179481
8118548
8178193
8179481
8124901
8124911
8178498
8117777
8124901
8124911
8178498
8117777
8124901
8124911
8178498
8117777
8124901
8124911
8178498
8117777
8124901
8124911
8178498
8117777
8124901
8124911
8178498
8124901
8124911
8178498
8117777
8117813
8179049
8124911
8178498
8124901
8124911
8178498
8124901
8124911
8178498
8124901
8124911
8178498
8124901
8124911
8178498
8124901
8124911
8178498
8124901
8124911
8178498
8070701
8030171
8166632
8174103
7957023
8096301
8095680
8130556
8155849
8004237
8004241
8131844
8042337
8055465
8139706
7981335
8130556
8130556
8115147
8115147
7954997
8045539
7922689
8154951
7922689
8154951
7904506
7904574
7912808
7919438
8096301
8004510
8096301
7934196
7934196
8149116
8149126
8149137
8049083
8107470
8096538
8096538
8096538
8096538
8096538
8106475
8137979
7904574
7904874
7919271
7919351
7919412
7919438
7904574
7904874
7904976
7904999
7919271
7919351
7919412
7919438
8014233
8014233
8014233
8014233
8166632
8174103
7954997
7954997
8102619
8017843
7932964
7934729
7934731
8052698
7932964
7934729
7934731
8052698
8022640
8081128
8089029
8112902
8004510
7968199
8127544
8138531
8158952
8030007
7948420
8147049
7914617
7916590
7963911
7905826
7926896
8112327
8098204
8156228
7948656
8170360
7922689
8154951
7910124
8046515
8102860
8169740
8117777
8117800
8177732
8118556
8118564
8178199
8178205
8179489
7971461
8042503
8131844
7985662
8062927
7927964
7934196
7997230
7954006
7961022
8049083
8061136
8107470
7964757
8056201
8056206
7908409
7920244
7920123
8166469
8006433
7958130
8055465
8117368
8046604
8043197
8045539
7983360
8149116
8149126
8149137
7906720
7985166
8115147
8151993
7900585
8043981
8017843
8036710
8113591
7929816
7935776
8149116
8149126
8149137
7981335
7925531
8124911
8178498
8115734
7920128
8042337
7933084
8142120
8109368
7960730
8007141
8141133
8026971
7932964
7934729
7934731
8052698
7980146
7922889
7904726
7952325
8011011
8055476
7914270
8044745
7960865
8014574
7905099
7914617
7916590
8139706
8101780
8105353
8091432
7964757
8056201
8056206
8041015
7994565
7999608
8000200
8005166
8112033
8118548
8178193
8179481
7971563
8081348
7999752
8121095
8128133
7967563
7956211
8043100
8067007
8101774
8158240
8166072
8096538
8081128
8058927
8178802
8180003
7931216
7898679
7913380
8125556
8178891
8180100
7956211
7988838
8142878
8163481
8156228
8014233
7952325
7920472
8030991
8142468
7932964
7934729
7934731
8052698
7985662
7904574
7904874
7904976
7904999
7919271
7919351
7919438
8105353
8112107
7925531
8138466
7904574
7904874
7919271
7919351
7919412
7919438
7971920
8046590
8080991
8109368
8166632
8174103
8120249
7910124
8046515
8102860
8169740
7943158
7943160
7978905
8040338
7933192
7971920
8046590
7941272
7948420
8147049
7951036
7904974
7994565
8000192
8000200
7994565
8000192
8000200
8043363
8054611
8011011
8055476
8043363
8054611
8043363
8054611
8043363
8054611
8117813
8179049
8043363
8054611
7924549
8049961
8049963
8103535
8174103
7978905
8040338
8166469
7999752
8121095
8128133
7999752
8121095
8128133
7999752
8121095
8128133
8008885
7933192
7971920
8046590
7904726
8117777
8124911
8178498
7933084
8142120
8124901
8124911
8178498
8124911
8178498
8124901
8124911
8178498
8117777
8124901
8124911
8178498
8124911
8178498
8124911
8178498
8117777
8124901
8124911
8178498
8124901
8124911
8178498
8117777
8124911
8178498
8124911
8178498
8124911
8178498
8124911
8178498
8124901
8124911
8178498
8124911
8178498
8124911
8178498
8124911
8178498
8117777
8124901
8124911
8178498
8117777
8124901
8124911
8178498
8124901
8124911
8178498
8124901
8124911
8178498
8117777
8117890
8124911
8177788
8178498
8179103
8117777
8117800
8124911
8177732
8178498
8117777
8124901
8124911
8178498
8124901
8124911
8178498
8124901
8124911
8178498
8124901
8124911
8178498
8117777
8124911
8178498
8141133
8124901
8124911
8178498
7914270
8045539
8117777
8124901
8124911
8178498
8124901
8124911
8178498
8124911
8178498
8124901
8124911
8178498
8124901
8124911
8178498
8124911
8178498
8124911
8178498
8124901
8124911
8178498
8124911
8178498
7978905
8076415
8124911
8178498
