7898679
7900585
7904486
7904506
7904562
7904569
7904574
7904726
7904874
7904974
7904976
7904999
7905099
7905826
7906720
7908409
7910124
7911343
7911444
7912808
7913380
7914270
7914617
7916590
7917645
7919271
7919351
7919412
7919438
7920123
7920128
7920244
7920472
7922689
7922889
7924549
7925531
7926896
7927964
7929816
7931216
7932964
7933084
7933192
7934196
7934729
7934731
7935776
7941272
7942791
7943158
7943160
7948420
7948656
7949410
7951034
7951036
7951038
7952325
7954006
7954997
7956211
7957023
7958130
7960730
7960865
7961022
7963911
7964757
7967563
7968199
7971461
7971563
7971920
7977270
7978905
7980146
7981335
7983360
7985166
7985662
7988838
7994565
7997230
7999608
7999752
8000192
8000200
8004237
8004241
8004510
8005166
8006433
8007141
8008870
8008885
8009561
8011011
8014233
8014574
8017843
8022640
8026971
8030007
8030171
8030351
8030991
8036710
8040338
8041015
8042337
8042503
8043100
8043197
8043363
8043981
8044745
8045423
8045539
8046515
8046590
8046604
8049083
8049961
8049963
8050089
8052698
8054611
8055465
8055476
8056201
8056206
8058927
8061136
8062927
8067007
8070701
8072946
8076415
8080991
8081128
8081348
8089029
8089249
8091432
8095680
8096301
8096538
8098204
8101774
8101780
8102619
8102860
8103535
8105353
8106475
8107470
8109368
8112033
8112107
8112327
8112902
8113120
8113591
8115147
8115734
8117368
8117777
8117800
8117813
8117890
8118548
8118556
8118564
8120249
8121095
8122136
8122142
8122144
8124901
8124911
8125556
8126450
8127544
8128133
8130556
8131844
8137008
8137979
8138466
8138531
8139203
8139706
8141133
8142120
8142468
8142878
8147049
8149116
8149126
8149137
8151234
8151993
8154951
8155849
8156228
8158240
8158952
8163481
8165648
8165674
8165703
8165707
8166072
8166469
8166632
8169740
8170360
8171684
8174103
8177732
8177788
8178193
8178199
8178205
8178498
8178802
8178811
8178891
8179041
8179049
8179103
8179481
8179489
8179731
8180003
8180100
